 #   I      PAC(ITL)         (I-1)/NPM1           I/NPM1            PAC(ITU)            PAC(I)
    1  0.000000   0.00000000000E+00   0.007874   0.009551   0.000000
    2  0.007050   7.87401574803E-03   0.015748   0.018718   0.000260
    3  0.014479   1.57480314961E-02   0.023622   0.026833   0.000559
    4  0.021172   2.36220472441E-02   0.031496   0.037486   0.000902
    5  0.030078   3.14960629921E-02   0.039370   0.046248   0.001294
    6  0.037486   3.93700787402E-02   0.047244   0.056520   0.001741
    7  0.046248   4.72440944882E-02   0.055118   0.062268   0.002250
    8  0.051186   5.51181102362E-02   0.062992   0.075083   0.002827
    9  0.062268   6.29921259843E-02   0.070866   0.082183   0.003482
   10  0.068450   7.08661417323E-02   0.078740   0.089767   0.004222
   11  0.075083   7.87401574803E-02   0.086614   0.097848   0.005056
   12  0.082183   8.66141732283E-02   0.094488   0.106440   0.005995
   13  0.089767   9.44881889764E-02   0.102362   0.115555   0.007050
   14  0.097848   1.02362204724E-01   0.110236   0.125202   0.008231
   15  0.106440   1.10236220472E-01   0.118110   0.135389   0.009551
   16  0.115555   1.18110236220E-01   0.125984   0.146123   0.011023
   17  0.125202   1.25984251969E-01   0.133858   0.146123   0.012661
   18  0.125202   1.33858267717E-01   0.141732   0.157406   0.014479
   19  0.135389   1.41732283465E-01   0.149606   0.169240   0.016493
   20  0.146123   1.49606299213E-01   0.157480   0.181624   0.018718
   21  0.157406   1.57480314961E-01   0.165354   0.181624   0.021172
   22  0.157406   1.65354330709E-01   0.173228   0.194553   0.023871
   23  0.169240   1.73228346457E-01   0.181102   0.194553   0.026833
   24  0.169240   1.81102362205E-01   0.188976   0.208023   0.030078
   25  0.181624   1.88976377953E-01   0.196850   0.222022   0.033622
   26  0.194553   1.96850393701E-01   0.204724   0.222022   0.037486
   27  0.194553   2.04724409449E-01   0.212598   0.236539   0.041688
   28  0.208023   2.12598425197E-01   0.220472   0.236539   0.046248
   29  0.208023   2.20472440945E-01   0.228346   0.251559   0.051186
   30  0.222022   2.28346456693E-01   0.236220   0.251559   0.056520
   31  0.222022   2.36220472441E-01   0.244094   0.267064   0.062268
   32  0.236539   2.44094488189E-01   0.251969   0.283034   0.068450
   33  0.251559   2.51968503937E-01   0.259843   0.283034   0.075083
   34  0.251559   2.59842519685E-01   0.267717   0.299444   0.082183
   35  0.267064   2.67716535433E-01   0.275591   0.299444   0.089767
   36  0.267064   2.75590551181E-01   0.283465   0.316270   0.097848
   37  0.283034   2.83464566929E-01   0.291339   0.316270   0.106440
   38  0.283034   2.91338582677E-01   0.299213   0.316270   0.115555
   39  0.283034   2.99212598425E-01   0.307087   0.333482   0.125202
   40  0.299444   3.07086614173E-01   0.314961   0.333482   0.135389
   41  0.299444   3.14960629921E-01   0.322835   0.351050   0.146123
   42  0.316270   3.22834645669E-01   0.330709   0.351050   0.157406
   43  0.316270   3.30708661417E-01   0.338583   0.368939   0.169240
   44  0.333482   3.38582677165E-01   0.346457   0.368939   0.181624
   45  0.333482   3.46456692913E-01   0.354331   0.387115   0.194553
   46  0.351050   3.54330708661E-01   0.362205   0.387115   0.208023
   47  0.351050   3.62204724409E-01   0.370079   0.405540   0.222022
   48  0.368939   3.70078740157E-01   0.377953   0.405540   0.236539
   49  0.368939   3.77952755906E-01   0.385827   0.405540   0.251559
   50  0.368939   3.85826771654E-01   0.393701   0.424176   0.267064
   51  0.387115   3.93700787402E-01   0.401575   0.424176   0.283034
   52  0.387115   4.01574803150E-01   0.409449   0.442982   0.299444
   53  0.405540   4.09448818898E-01   0.417323   0.442982   0.316270
   54  0.405540   4.17322834646E-01   0.425197   0.461916   0.333482
   55  0.424176   4.25196850394E-01   0.433071   0.461916   0.351050
   56  0.424176   4.33070866142E-01   0.440945   0.461916   0.368939
   57  0.424176   4.40944881890E-01   0.448819   0.500000   0.387115
   58  0.442982   4.48818897638E-01   0.456693   0.500000   0.405540
   59  0.442982   4.56692913386E-01   0.464567   0.519064   0.424176
   60  0.461916   4.64566929134E-01   0.472441   0.519064   0.442982
   61  0.461916   4.72440944882E-01   0.480315   0.519064   0.461916
   62  0.461916   4.80314960630E-01   0.488189   0.519064   0.500000
   63  0.461916   4.88188976378E-01   0.496063   0.519064   0.519064
   64  0.461916   4.96062992126E-01   0.503937   0.538084   0.538084
   65  0.500000   5.03937007874E-01   0.511811   0.538084   0.557018
   66  0.500000   5.11811023622E-01   0.519685   0.557018   0.575824
   67  0.519064   5.19685039370E-01   0.527559   0.557018   0.594460
   68  0.519064   5.27559055118E-01   0.535433   0.557018   0.612885
   69  0.519064   5.35433070866E-01   0.543307   0.575824   0.631061
   70  0.538084   5.43307086614E-01   0.551181   0.575824   0.648950
   71  0.538084   5.51181102362E-01   0.559055   0.594460   0.666518
   72  0.557018   5.59055118110E-01   0.566929   0.594460   0.683730
   73  0.557018   5.66929133858E-01   0.574803   0.594460   0.700556
   74  0.557018   5.74803149606E-01   0.582677   0.612885   0.716966
   75  0.575824   5.82677165354E-01   0.590551   0.612885   0.732936
   76  0.575824   5.90551181102E-01   0.598425   0.631061   0.748441
   77  0.594460   5.98425196850E-01   0.606299   0.631061   0.763461
   78  0.594460   6.06299212598E-01   0.614173   0.648950   0.777978
   79  0.612885   6.14173228346E-01   0.622047   0.648950   0.791977
   80  0.612885   6.22047244094E-01   0.629921   0.648950   0.805447
   81  0.612885   6.29921259843E-01   0.637795   0.666518   0.818376
   82  0.631061   6.37795275591E-01   0.645669   0.666518   0.830760
   83  0.631061   6.45669291339E-01   0.653543   0.683730   0.842594
   84  0.648950   6.53543307087E-01   0.661417   0.683730   0.853877
   85  0.648950   6.61417322835E-01   0.669291   0.700556   0.864611
   86  0.666518   6.69291338583E-01   0.677165   0.700556   0.874798
   87  0.666518   6.77165354331E-01   0.685039   0.716966   0.884445
   88  0.683730   6.85039370079E-01   0.692913   0.716966   0.893560
   89  0.683730   6.92913385827E-01   0.700787   0.732936   0.897920
   90  0.700556   7.00787401575E-01   0.708661   0.732936   0.902152
   91  0.700556   7.08661417323E-01   0.716535   0.732936   0.906256
   92  0.700556   7.16535433071E-01   0.724409   0.748441   0.910233
   93  0.716966   7.24409448819E-01   0.732283   0.748441   0.914086
   94  0.716966   7.32283464567E-01   0.740157   0.763461   0.917817
   95  0.732936   7.40157480315E-01   0.748031   0.763461   0.921426
   96  0.732936   7.48031496063E-01   0.755906   0.777978   0.924917
   97  0.748441   7.55905511811E-01   0.763780   0.791977   0.931550
   98  0.763461   7.63779527559E-01   0.771654   0.791977   0.937732
   99  0.763461   7.71653543307E-01   0.779528   0.805447   0.943480
  100  0.777978   7.79527559055E-01   0.787402   0.805447   0.948814
  101  0.777978   7.87401574803E-01   0.795276   0.818376   0.953752
  102  0.791977   7.95275590551E-01   0.803150   0.818376   0.958312
  103  0.791977   8.03149606299E-01   0.811024   0.830760   0.962514
  104  0.805447   8.11023622047E-01   0.818898   0.842594   0.966378
  105  0.818376   8.18897637795E-01   0.826772   0.842594   0.969922
  106  0.818376   8.26771653543E-01   0.834646   0.853877   0.973167
  107  0.830760   8.34645669291E-01   0.842520   0.853877   0.976129
  108  0.830760   8.42519685039E-01   0.850394   0.864611   0.978828
  109  0.842594   8.50393700787E-01   0.858268   0.874798   0.981282
  110  0.853877   8.58267716535E-01   0.866142   0.884445   0.983507
  111  0.864611   8.66141732283E-01   0.874016   0.884445   0.985521
  112  0.864611   8.74015748031E-01   0.881890   0.893560   0.987339
  113  0.874798   8.81889763780E-01   0.889764   0.897920   0.988977
  114  0.884445   8.89763779528E-01   0.897638   0.902152   0.990449
  115  0.893560   8.97637795276E-01   0.905512   0.910233   0.991769
  116  0.902152   9.05511811024E-01   0.913386   0.917817   0.992950
  117  0.910233   9.13385826772E-01   0.921260   0.924917   0.994005
  118  0.917817   9.21259842520E-01   0.929134   0.937732   0.994944
  119  0.924917   9.29133858268E-01   0.937008   0.943480   0.995778
  120  0.931550   9.37007874016E-01   0.944882   0.953752   0.996518
  121  0.943480   9.44881889764E-01   0.952756   0.958312   0.997173
  122  0.948814   9.52755905512E-01   0.960630   0.966378   0.997750
  123  0.958312   9.60629921260E-01   0.968504   0.973167   0.998259
  124  0.966378   9.68503937008E-01   0.976378   0.981282   0.998706
  125  0.976129   9.76377952756E-01   0.984252   0.987339   0.999098
  126  0.983507   9.84251968504E-01   0.992126   0.994005   0.999441
  127  0.991769   9.92125984252E-01   1.000000   0.000000   0.999740
