#  Interpolation error = 2.8146680E-08
# Normalising constant = 3.9413096E-01
 #     X           PDF(X)          A             B             C           error
-3.000000  5.012998E-03 0.075406  -0.002006  1.073400  0.000000
-2.951613  5.764358E-03 0.074107  -0.001953  1.072154  0.000000
-2.903226  6.613299E-03 0.072811  -0.001901  1.070910  0.000000
-2.854839  7.570056E-03 0.071518  -0.001851  1.069668  0.000000
-2.806452  8.645574E-03 0.070228  -0.001801  1.068427  0.000000
-2.758065  9.851500E-03 0.068940  -0.001752  1.067189  0.000000
-2.709677  1.120017E-02 0.067655  -0.001703  1.065952  0.000000
-2.661290  1.270459E-02 0.066373  -0.001656  1.064717  0.000000
-2.612903  1.437840E-02 0.065094  -0.001610  1.063484  0.000000
-2.564516  1.623581E-02 0.063817  -0.001564  1.062253  0.000000
-2.516129  1.829158E-02 0.062543  -0.001519  1.061024  0.000000
-2.467742  2.056091E-02 0.061272  -0.001475  1.059797  0.000000
-2.419355  2.305936E-02 0.060004  -0.001432  1.058571  0.000000
-2.370968  2.580274E-02 0.058738  -0.001390  1.057348  0.000000
-2.322581  2.880701E-02 0.057475  -0.001349  1.056126  0.000000
-2.274194  3.208813E-02 0.056215  -0.001308  1.054906  0.000000
-2.225806  3.566188E-02 0.054957  -0.001269  1.053688  0.000000
-2.177419  3.954376E-02 0.053702  -0.001230  1.052472  0.000000
-2.129032  4.374872E-02 0.052450  -0.001192  1.051258  0.000000
-2.080645  4.829104E-02 0.051201  -0.001155  1.050046  0.000000
-2.032258  5.318407E-02 0.049954  -0.001119  1.048835  0.000000
-1.983871  5.844001E-02 0.048710  -0.001084  1.047627  0.000000
-1.935484  6.406972E-02 0.047469  -0.001049  1.046420  0.000000
-1.887097  7.008242E-02 0.046231  -0.001016  1.045215  0.000000
-1.838710  7.648550E-02 0.044995  -0.000983  1.044012  0.000000
-1.790323  8.328426E-02 0.043762  -0.000951  1.042810  0.000000
-1.741935  9.048164E-02 0.042531  -0.000920  1.041611  0.000000
-1.693548  9.807805E-02 0.041303  -0.000890  1.040413  0.000000
-1.645161  1.060711E-01 0.040078  -0.000861  1.039217  0.000000
-1.596774  1.144553E-01 0.038856  -0.000833  1.038023  0.000000
-1.548387  1.232220E-01 0.037636  -0.000805  1.036831  0.000000
-1.500000  1.323594E-01 0.036419  -0.000779  1.035641  0.000000
-1.451613  1.418518E-01 0.035205  -0.000753  1.034452  0.000000
-1.403226  1.516802E-01 0.033993  -0.000728  1.033265  0.000000
-1.354839  1.618216E-01 0.032784  -0.000704  1.032080  0.000000
-1.306452  1.722495E-01 0.031578  -0.000680  1.030897  0.000000
-1.258065  1.829335E-01 0.030374  -0.000658  1.029716  0.000000
-1.209677  1.938395E-01 0.029173  -0.000637  1.028536  0.000000
-1.161290  2.049297E-01 0.027974  -0.000616  1.027358  0.000000
-1.112903  2.161631E-01 0.026779  -0.000596  1.026182  0.000000
-1.064516  2.274949E-01 0.025585  -0.000577  1.025008  0.000000
-1.016129  2.388778E-01 0.024395  -0.000559  1.023836  0.000000
-0.967742  2.502613E-01 0.023207  -0.000542  1.022665  0.000000
-0.919355  2.615924E-01 0.022022  -0.000526  1.021496  0.000000
-0.870968  2.728164E-01 0.020839  -0.000510  1.020329  0.000000
-0.822581  2.838766E-01 0.019659  -0.000496  1.019164  0.000000
-0.774194  2.947152E-01 0.018482  -0.000482  1.018000  0.000000
-0.725806  3.052735E-01 0.017308  -0.000469  1.016839  0.000000
-0.677419  3.154929E-01 0.016135  -0.000457  1.015679  0.000000
-0.629032  3.253147E-01 0.014966  -0.000446  1.014520  0.000000
-0.580645  3.346815E-01 0.013799  -0.000435  1.013364  0.000000
-0.532258  3.435369E-01 0.012635  -0.000426  1.012209  0.000000
-0.483871  3.518267E-01 0.011473  -0.000417  1.011056  0.000000
-0.435484  3.594993E-01 0.010314  -0.000410  1.009905  0.000000
-0.387097  3.665060E-01 0.009158  -0.000403  1.008755  0.000000
-0.338710  3.728016E-01 0.008004  -0.000397  1.007608  0.000000
-0.290323  3.783453E-01 0.006853  -0.000392  1.006461  0.000000
-0.241935  3.831004E-01 0.005704  -0.000387  1.005317  0.000000
-0.193548  3.870354E-01 0.004558  -0.000384  1.004175  0.000000
-0.145161  3.901238E-01 0.003415  -0.000381  1.003034  0.000000
-0.096774  3.923450E-01 0.004550  -0.001517  1.003033  0.000000
0.000000  3.941310E-01 0.000000  -0.000379  0.999622  0.000000
0.048387  3.936837E-01 -0.001133  -0.000380  0.998488  0.000000
0.096774  3.923450E-01 -0.002263  -0.000381  0.997355  0.000000
0.145161  3.901238E-01 -0.003391  -0.000384  0.996225  0.000000
0.193548  3.870354E-01 -0.004517  -0.000387  0.995096  0.000000
0.241935  3.831004E-01 -0.005639  -0.000392  0.993969  0.000000
0.290323  3.783453E-01 -0.006760  -0.000397  0.992844  0.000000
0.338710  3.728016E-01 -0.007877  -0.000403  0.991720  0.000000
0.387097  3.665060E-01 -0.008992  -0.000410  0.990598  0.000000
0.435484  3.594993E-01 -0.010105  -0.000417  0.989478  0.000000
0.483871  3.518267E-01 -0.011215  -0.000426  0.988359  0.000000
0.532258  3.435369E-01 -0.012322  -0.000435  0.987242  0.000000
0.580645  3.346815E-01 -0.013427  -0.000446  0.986127  0.000000
0.629032  3.253147E-01 -0.014530  -0.000457  0.985013  0.000000
0.677419  3.154929E-01 -0.015630  -0.000469  0.983901  0.000000
0.725806  3.052735E-01 -0.016727  -0.000482  0.982791  0.000000
0.774194  2.947152E-01 -0.017822  -0.000496  0.981683  0.000000
0.822581  2.838766E-01 -0.018914  -0.000510  0.980576  0.000000
0.870968  2.728164E-01 -0.020004  -0.000526  0.979471  0.000000
0.919355  2.615924E-01 -0.021091  -0.000542  0.978367  0.000000
0.967742  2.502613E-01 -0.022175  -0.000559  0.977265  0.000000
1.016129  2.388778E-01 -0.023258  -0.000577  0.976165  0.000000
1.064516  2.274949E-01 -0.024337  -0.000596  0.975067  0.000000
1.112903  2.161631E-01 -0.025414  -0.000616  0.973970  0.000000
1.161290  2.049297E-01 -0.026489  -0.000637  0.972875  0.000000
1.209677  1.938395E-01 -0.027561  -0.000658  0.971781  0.000000
1.258065  1.829335E-01 -0.014540  -0.000169  0.985291  0.000000
1.282258  1.775615E-01 -0.014816  -0.000172  0.985013  0.000000
1.306452  1.722495E-01 -0.015091  -0.000174  0.984734  0.000000
1.330645  1.670016E-01 -0.015366  -0.000177  0.984456  0.000000
1.354839  1.618216E-01 -0.015641  -0.000180  0.984179  0.000000
1.379032  1.567134E-01 -0.015916  -0.000183  0.983901  0.000000
1.403226  1.516802E-01 -0.016190  -0.000187  0.983623  0.000000
1.427419  1.467254E-01 -0.016465  -0.000190  0.983345  0.000000
1.451613  1.418518E-01 -0.032884  -0.000779  0.966338  0.000000
1.500000  1.323594E-01 -0.033941  -0.000805  0.965254  0.000000
1.548387  1.232220E-01 -0.034995  -0.000833  0.964172  0.000000
1.596774  1.144553E-01 -0.036048  -0.000861  0.963091  0.000000
1.645161  1.060711E-01 -0.037097  -0.000890  0.962012  0.000000
1.693548  9.807805E-02 -0.038144  -0.000920  0.960935  0.000000
1.741935  9.048164E-02 -0.039189  -0.000951  0.959860  0.000000
1.790323  8.328426E-02 -0.040231  -0.000983  0.958786  0.000000
1.838710  7.648550E-02 -0.041271  -0.001016  0.957713  0.000000
1.887097  7.008242E-02 -0.042308  -0.001049  0.956642  0.000000
1.935484  6.406972E-02 -0.043343  -0.001084  0.955573  0.000000
1.983871  5.844001E-02 -0.044375  -0.001119  0.954506  0.000000
2.032258  5.318407E-02 -0.045405  -0.001155  0.953440  0.000000
2.080645  4.829104E-02 -0.046432  -0.001192  0.952375  0.000000
2.129032  4.374872E-02 -0.047457  -0.001230  0.951313  0.000000
2.177419  3.954376E-02 -0.048480  -0.001269  0.950251  0.000000
2.225806  3.566188E-02 -0.049500  -0.001308  0.949192  0.000000
2.274194  3.208813E-02 -0.050517  -0.001349  0.948134  0.000000
2.322581  2.880701E-02 -0.051532  -0.001390  0.947077  0.000000
2.370968  2.580274E-02 -0.052545  -0.001432  0.946023  0.000000
2.419355  2.305936E-02 -0.053555  -0.001475  0.944969  0.000000
2.467742  2.056091E-02 -0.054563  -0.001519  0.943918  0.000000
2.516129  1.829158E-02 -0.055568  -0.001564  0.942868  0.000000
2.564516  1.623581E-02 -0.056571  -0.001610  0.941819  0.000000
2.612903  1.437840E-02 -0.057572  -0.001656  0.940772  0.000000
2.661290  1.270459E-02 -0.058570  -0.001703  0.939727  0.000000
2.709677  1.120017E-02 -0.059566  -0.001752  0.938683  0.000000
2.758065  9.851500E-03 -0.060559  -0.001801  0.937641  0.000000
2.806452  8.645574E-03 -0.061550  -0.001851  0.936600  0.000000
2.854839  7.570056E-03 -0.062538  -0.001901  0.935561  0.000000
2.903226  6.613299E-03 -0.063524  -0.001953  0.934523  0.000000
2.951613  5.764358E-03 -0.064507  -0.002006  0.933487  0.000000
